순위,종목명,검색비율,현재가,전일비,등락률,거래량,시가,고가,저가,PER,ROE
1,삼성전자,13.05%,58,000,하락1,000,-1.69%,17,276,094,58,800,58,900,58,000,14.18,4.15
2,한켐,4.59%,25,700,상승7,700,+42.78%,19,240,458,32,500,33,300,24,850,N/A,24.14
3,루미르,3.31%,14,750,하락160,-1.07%,25,820,239,13,760,15,940,12,390,-34.79,-24.89
4,SK하이닉스,3.12%,191,100,상승200,+0.10%,2,312,008,195,300,195,300,189,800,55.68,-15.61
5,두산에너빌리티,3.04%,20,600,하락50,-0.24%,11,218,234,20,300,21,300,20,000,83.06,0.78
6,유한양행,2.39%,154,500,하락5,500,-3.44%,1,476,553,160,000,160,000,153,800,83.88,6.74
7,샤페론,2.34%,4,340,상승650,+17.62%,15,469,992,3,760,4,595,3,520,-6.63,N/A
8,와이제이링크,2.26%,16,790,하락2,470,-12.82%,7,694,084,18,100,19,000,15,750,24.58,21.09
9,카카오,2.02%,37,500,하락1,900,-4.82%,1,210,405,39,300,39,350,37,500,-17.15,-10.26
10,YG PLUS,1.95%,4,345,상승865,+24.86%,22,187,475,3,995,4,520,3,865,42.60,14.12
11,POSCO홀딩스,1.77%,331,500,하락12,000,-3.49%,199,136,340,500,342,000,331,000,20.73,3.18
12,현대차,1.52%,235,000,하락2,000,-0.84%,299,774,236,000,239,000,232,500,5.09,13.68
13,기아,1.44%,92,100,하락2,900,-3.05%,1,384,333,93,600,94,100,92,100,3.85,20.44
14,에코프로비엠,1.44%,157,500,하락7,400,-4.49%,300,623,163,700,164,800,157,300,-98.01,-0.64
15,NAVER,1.38%,172,000,하락4,800,-2.71%,454,231,176,900,177,100,171,300,18.22,4.41
16,동서,1.37%,25,300,상한가5,830,+29.94%,2,123,929,20,000,25,300,19,830,15.17,9.23
17,에코프로,1.33%,76,800,하락3,600,-4.48%,614,911,80,300,80,300,76,700,-85.05,3.43
18,셀트리온,1.26%,187,900,하락3,800,-1.98%,360,932,191,300,192,500,187,500,106.16,5.07
19,알테오젠,1.17%,384,000,하락13,500,-3.40%,393,874,399,500,402,000,380,500,-16,000.00,-2.27
20,한화인더스트리얼솔루션즈,1.11%,37,150,하락2,250,-5.71%,2,316,101,39,400,39,650,36,850,N/A,N/A
21,HLB,1.10%,69,500,하락1,400,-1.97%,470,703,70,500,70,700,69,400,-42.82,-32.55
22,한미반도체,1.05%,100,100,하락1,400,-1.38%,643,004,103,400,104,200,99,800,61.71,55.54
23,리가켐바이오,1.05%,132,000,상승1,300,+0.99%,695,051,130,700,139,600,129,700,-117.86,-40.08
24,한세예스24홀딩스,1.02%,5,070,상승120,+2.42%,8,593,124,4,875,5,860,4,795,4.18,12.30
25,LG에너지솔루션,1.01%,383,000,하락6,500,-1.67%,144,553,386,500,388,000,376,500,-533.43,6.36
26,한일단조,0.98%,2,715,상승440,+19.34%,36,922,047,2,455,2,855,2,405,18.47,6.46
27,펩트론,0.98%,93,300,하락2,200,-2.30%,766,754,97,000,97,500,91,800,-101.30,-35.69
28,한국전력,0.97%,21,650,상승400,+1.88%,1,767,021,21,350,21,950,21,300,5.24,-12.63
29,현대모비스,0.96%,249,000,상승5,000,+2.05%,167,558,241,000,249,500,240,000,6.66,8.73
30,두산로보틱스,0.94%,67,500,하락4,100,-5.73%,698,934,70,800,71,900,67,100,-313.95,-6.59
